oh god, you will trust me? no. it your alternate option.


01010010 01110101 01101110 00100000 01101001 01110011 00100000 01101111 01110000 01110100
01101001 01101111 01101110 00100000 01110100 01101111 00100000 01110011 01100001 01110110
01100101 00100000 01111001 01101111 01110101 01110010 00100000 01101100 01101001 01100110
01100101 00101110 00100000 01100010 01110101 01110100 00100000 01111001 01101111 01110101
00100000 01110111 01101001 01101100 01101100 00100000 01101011 01100101 01100101 01110000
00100000 01110101 01110011 01101001 01101110 01100111 00100000 01110100 01101000 01101001
01110011 00100000 01101001 01100110 00100000 01111001 01101111 01110101 00100000 01100011
01100001 01101110 01110100 00100000 01100010 01110010 01101001 01101110 01100111 00100000
01110100 01101000 01100101 00100000 01101000 01101001 01101110 01110100 01110011 00101110
